47
48
177
297
315
322
313
301
298
296
307
312
314
314
310
296
293
300
310
320
314
305
298
305
301
305
315
313
308
297
294
297
320
319
309
308
296
300
301
309
314
322
306
293
296
296
316
321
315
305
303
297
295
306
316
317
312
294
293
306
312
315
314
307
301
300
296
301
321
319
307
297
298
299
314
315
313
311
304
296
294
305
313
322
310
299
295
309
307
309
315
308
301
298
298
301
324
316
307
302
295
302
310
312
311
318
263
291
294
304
315
322
312
300
298
303
304
308
316
313
307
294
293
304
323
318
310
305
293
299
300
310
317
322
303
293
295
301
318
319
313
303
303
296
296
310
315
317
308
297
294
310
314
311
310
304
300
298
299
307
326
313
301
299
296
303
314
315
311
314
296
293
297
307
321
322
306
293
303
301
308
312
315
309
303
293
293
313
322
316
305
301
296
302
306
310
319
314
297
292
299
306
321
316
310
299
303
299
300
314
314
313
302
295
295
315
318
311
310
299
297
302
305
308
322
312
299
293
300
309
321
313
308
303
299
298
300
316
315
316
301
294
299
313
315
311
314
299
299
295
300
314
327
312
300
296
294
308
312
312
314
311
294
291
302
311
322
316
305
295
303
302
307
316
310
308
300
295
297
322
319
308
305
294
299
304
310
311
322
303
293
296
300
316
322
314
301
301
297
298
307
316
318
311
297
291
306
244
340
309
310
298
299
295
302
318
324
310
295
297
298
310
315
314
308
307
295
293
304
314
322
312
302
293
307
305
311
313
311
302
302
296
299
322
319
311
297
297
299
310
312
311
315
304
295
294
307
316
321
312
299
297
302
305
309
317
311
305
297
295
302
326
318
307
303
293
301
304
311
314
323
302
292
297
301
318
318
312
302
304
295
297
311
315
316
309
298
293
308
314
312
313
304
298
301
299
306
324
315
303
296
295
304
316
315
308
311
298
294
296
310
321
320
306
294
300
302
309
314
314
308
303
294
293
312
324
317
303
300
296
304
304
311
320
314
298
291
299
307
323
315
306
297
304
299
301
315
313
311
301
297
296
317
317
310
309
298
298
304
305
309
323
311
299
292
300
309
320
314
305
304
298
297
300
317
318
315
300
294
300
311
316
311
313
299
299
297
301
315
327
314
297
297
295
309
312
314
311
311
295
292
303
312
322
314
302
295
304
302
308
315
312
306
298
297
299
323
317
309
304
293
300
307
309
312
322
304
292
295
301
316
321
312
300
304
295
296
310
317
316
310
297
293
307
313
314
312
305
300
301
297
304
323
318
306
295
297
301
316
312
310
313
300
295
294
310
319
319
306
295
298
305
308
312
317
305
302
295
298
307
326
317
304
299
293
304
262
333
314
316
299
291
296
306
320
320
311
296
301
298
303
311
318
313
306
294
293
311
320
316
308
302
295
302
302
309
319
318
302
292
300
305
319
313
309
305
302
297
298
314
315
315
302
296
298
312
313
311
314
300
298
297
301
311
327
313
302
296
294
307
312
314
313
311
297
290
299
312
322
314
306
295
304
300
306
315
312
309
298
295
297
322
319
309
307
294
300
302
308
313
324
306
295
295
298
315
322
312
223
328
298
297
302
316
318
313
297
293
303
312
314
312
312
298
298
297
302
317
324
311
297
296
296
311
316
234
331
309
294
293
299
313
321
318
304
292
302
304
310
314
313
306
300
293
298
318
322
315
300
299
297
306
310
312
315
311
298
292
301
314
323
312
302
300
302
301
305
317
312
309
296
294
301
321
318
310
306
295
298
300
308
316
324
306
295
296
298
315
319
312
305
305
296
293
307
315
320
309
299
294
307
309
310
314
307
302
298
297
304
325
317
306
299
294
303
309
315
311
317
299
293
295
305
321
322
308
296
302
300
303
312
315
313
303
294
293
311
320
315
309
302
295
302
304
309
319
316
301
293
299
304
321
316
310
301
302
298
296
313
315
317
302
296
295
313
314
311
314
301
298
300
303
309
322
316
301
296
296
307
320
314
308
307
299
295
298
313
320
320
302
224
276
307
310
311
315
306
301
295
296
309
327
316
305
299
294
302
308
314
315
316
298
292
298
304
323
317
309
298
303
299
300
313
315
313
261
271
293
313
316
312
312
301
298
301
302
307
322
315
301
294
297
307
301
289
307
309
300
297
295
313
316
320
303
295
300
306
313
312
314
304
300
294
296
311
326
315
303
297
295
239
288
314
310
316
300
294
296
305
319
325
309
296
300
301
305
309
317
313
302
294
295
307
323
317
308
303
233
276
305
310
314
321
304
294
296
300
319
322
313
300
302
298
298
308
316
318
312
294
292
309
316
314
311
305
299
300
297
304
324
317
305
297
297
302
316
314
309
312
231
273
295
304
314
322
312
300
296
306
306
309
314
310
303
295
296
304
323
318
306
303
293
302
305
313
312
321
300
292
237
276
318
323
313
301
302
298
299
306
316
317
311
294
292
307
316
283
286
309
296
299
297
303
318
323
308
295
297
231
285
321
316
308
307
295
295
301
313
320
320
301
291
302
308
313
311
315
303
298
295
298
316
322
313
301
300
295
308
311
312
314
311
297
291
302
310
324
314
305
295
306
302
306
316
311
310
297
254
273
319
321
310
307
299
297
304
305
311
323
308
295
295
298
312
324
316
304
303
247
274
302
314
316
318
297
293
301
310
318
309
313
301
298
295
300
316
323
313
224
274
296
226
335
315
310
314
298
292
299
306
320
322
307
295
302
302
245
285
317
311
305
292
293
307
323
318
308
304
295
300
302
309
317
321
301
291
297
301
319
319
313
302
304
295
298
310
315
318
308
240
269
305
315
318
310
308
298
299
298
303
321
320
306
294
300
299
315
316
253
285
307
295
293
304
313
322
315
299
294
305
309
310
315
310
304
299
295
300
324
256
291
301
299
298
305
310
310
318
309
296
292
302
312
322
313
303
301
301
301
307
315
314
311
295
292
303
317
321
251
284
298
298
299
305
313
326
308
293
296
297
311
319
315
309
307
296
293
305
312
271
292
301
290
305
305
314
312
312
306
300
294
297
226
301
316
301
300
295
303
310
312
316
253
274
290
297
303
317
323
312
297
303
299
304
311
316
242
285
296
293
300
321
318
308
306
296
241
279
307
310
322
309
296
295
299
310
266
290
309
305
300
298
300
315
314
318
301
293
231
287
316
312
314
305
300
298
298
307
326
315
301
296
297
303
316
315
311
256
294
295
294
307
319
321
307
295
304
220
334
312
316
312
304
293
293
308
320
317
307
302
298
301
303
309
318
318
301
292
298
304
316
317
311
305
302
298
299
314
315
318
301
291
298
309
317
313
314
303
279
21
295
297
113
202
323
315
298
296
295
305
314
316
314
314
295
290
301
309
320
317
304
295
305
302
308
316
269
305
304
293
295
313
320
313
303
301
300
304
306
312
320
310
297
292
301
306
322
315
305
303
302
300
304
317
314
313
297
292
300
315
318
312
311
299
301
297
303
316
325
310
293
297
297
308
317
315
312
309
294
293
304
312
321
312
300
294
307
306
312
316
311
307
294
295
304
321
317
306
300
295
303
305
314
316
320
300
289
298
301
318
317
310
303
305
298
299
315
313
317
305
293
293
312
314
311
313
304
301
298
300
311
325
313
299
295
294
304
315
316
311
313
297
292
300
310
319
319
305
291
302
302
311
315
314
310
305
293
295
314
321
313
301
298
298
304
309
236
292
320
297
290
299
304
318
319
309
298
304
300
302
316
314
316
304
246
268
308
317
316
309
305
299
303
300
277
314
319
304
292
296
301
316
314
310
214
305
296
295
307
313
273
290
299
246
277
304
311
239
290
308
305
221
274
262
294
316
310
301
294
299
307
312
313
321
306
294
294
300
315
321
311
301
302
298
298
312
318
317
311
296
287
306
314
315
309
306
299
304
297
307
325
317
304
294
295
301
314
314
310
311
303
297
296
312
317
319
306
293
297
303
310
314
316
307
304
297
296
310
324
315
302
296
293
304
307
317
316
318
298
292
300
305
320
317
308
295
304
299
302
229
297
315
310
294
290
307
280
311
308
307
295
301
299
310
322
321
308
292
295
300
314
314
312
307
304
297
297
313
318
318
304
294
296
306
311
312
314
305
305
297
296
312
324
225
281
298
293
301
306
314
314
321
302
290
297
305
320
278
287
299
301
297
299
311
267
313
312
297
291
303
315
316
309
307
298
302
297
304
324
321
307
295
296
298
313
313
234
288
308
296
294
305
241
296
320
304
292
299
222
287
312
315
307
303
236
277
302
324
317
307
299
292
300
309
314
311
319
301
295
297
305
318
321
310
297
299
300
303
310
319
316
309
295
292
308
319
315
307
306
296
301
300
308
323
320
304
292
297
303
318
312
308
308
300
297
298
314
319
319
303
294
298
306
312
312
313
306
302
295
297
316
323
313
301
299
295
304
308
311
318
310
297
292
302
312
324
312
303
299
299
299
305
318
315
313
297
293
302
317
319
308
308
296
300
296
303
321
322
308
295
298
299
312
314
312
309
305
295
294
307
315
322
310
299
296
306
307
311
314
307
303
298
297
303
327
317
305
299
295
301
307
314
312
319
299
291
300
305
320
322
310
297
301
298
303
311
229
291
310
294
293
304
320
320
308
307
296
299
298
307
229
305
308
293
298
297
311
318
233
285
308
296
295
300
314
319
230
283
298
298
306
310
313
313
306
302
295
295
309
326
317
303
253
272
302
307
312
313
321
298
291
298
303
320
249
291
299
303
297
298
311
314
317
310
295
291
307
315
316
310
305
301
300
297
304
325
315
304
295
297
302
317
316
308
313
298
293
212
284
312
321
312
234
271
305
303
312
314
312
307
